# Name ra dec dist vlos vloserr sigma rmax pmra pmdec pmra_e pmdec_e pmcorr nstar rscale pmdisp pmscale pmscale_e
# units        	deg	deg	kpc	km/s	km/s	km/s	arcmin	mas/yr	mas/yr	mas/yr	mas/yr	dimless	dimless	arcmin	mas/yr
NGC_104_47Tuc 6.02363 -72.081 4.5 -17.2 0.2 12.2 40.0 5.237 -2.524 0.039 0.039 -0.002 23917.2 18.3 0.418 0.399 0.016
NGC_288 13.1885 -26.582 8.9 -44.8 0.1 3.3 12.0 4.267 -5.636 0.054 0.053 0.018 2555.2 6.05 0.082 0.227 0.017
NGC_362 15.8094 -70.848 8.6 223.3 0.3 8.8 12.0 6.73 -2.535 0.053 0.052 -0.004 1741.3 7.8 0.149 0.229 0.026
Whiting_1 30.7375 -3.2527 30.1 -130.4 1.8 0.3 3.0 -0.234 -1.782 0.115 0.094 -0.05 11.1 0.48 0.0 2.71 2.451
NGC_1261 48.0675 -55.216 16.3 71.4 0.2 5.8 10.0 1.632 -2.038 0.057 0.057 0.009 541.7 4.1 0.093 0.153 0.0
Pal_1 53.3335 79.581 11.1 -75.4 0.2 0.5 3.0 -0.171 0.07 0.074 0.081 0.003 51.0 0.68 0.0 0.507 0.252
AM_1 58.7595 -49.615 123.3 118.0 14.1 1.2 2.5 0.387 -0.406 0.129 0.167 -0.073 39.7 0.37 0.0 0.794 0.045
Eridanus 66.1854 -21.186 90.1 -23.8 1.1 0.7 4.0 0.493 -0.402 0.084 0.087 -0.133 15.0 0.78 0.0 0.182 0.138
Pal_2 71.5246 31.3815 27.2 -136.0 1.6 5.0 3.0 1.034 -1.557 0.075 0.068 0.009 76.5 1.52 0.02 0.375 0.121
NGC_1851 78.5281 -40.046 12.1 320.3 0.2 10.6 12.0 2.12 -0.589 0.054 0.054 -0.007 786.0 5.49 0.12 0.159 0.02
NGC_1904_M_79 81.0462 -24.524 12.9 205.8 0.2 6.5 10.0 2.467 -1.573 0.057 0.058 -0.001 583.2 4.45 0.102 0.149 0.023
NGC_2298 102.247 -36.005 10.8 146.2 0.7 3.2 6.0 3.316 -2.186 0.061 0.061 0.001 444.8 3.25 0.077 0.133 0.007
NGC_2419 114.535 38.8824 82.6 -20.7 0.3 11.1 6.0 -0.011 -0.557 0.064 0.061 0.01 131.5 3.23 0.0 0.277 0.167
Pyxis 136.99 -37.221 39.4 40.5 0.2 0.9 3.0 1.078 0.212 0.068 0.071 0.025 64.8 1.99 0.0 0.317 0.04
NGC_2808 138.012 -64.863 9.6 103.9 0.3 15.0 15.0 1.005 0.274 0.051 0.051 -0.006 1837.6 8.43 0.186 0.222 0.005
E_3 140.237 -77.281 8.1 4.9 0.4 0.6 4.0 -2.695 7.115 0.064 0.064 -0.009 191.8 1.86 0.0 0.317 0.023
Pal_3 151.382 0.07167 92.5 94.0 0.8 0.9 3.0 0.054 -0.086 0.147 0.168 -0.428 34.1 0.71 0.0 0.262 0.138
NGC_3201 154.403 -46.412 4.9 494.3 0.1 4.3 20.0 8.324 -1.991 0.044 0.044 0.001 7021.1 12.5 0.19 0.277 0.005
Pal_4 172.32 28.9735 108.7 72.4 0.2 1.0 4.0 -0.135 -0.518 0.106 0.176 -0.471 32.0 0.52 0.0 1.149 0.532
Crater 174.067 -10.877 145.0 148.3 0.9 0.6 3.0 -0.002 -0.15 0.288 0.184 -0.172 10.2 0.43 0.0 0.161 0.013
NGC_4147 182.526 18.5426 19.3 179.5 0.3 3.0 6.0 -1.705 -2.114 0.065 0.063 -0.014 248.5 2.16 0.036 0.244 0.083
NGC_4372 186.439 -72.659 5.8 75.6 0.3 4.7 15.0 -6.378 3.358 0.05 0.05 0.001 2189.9 7.79 0.175 0.217 0.014
Rup_106 189.667 -51.15 21.2 -38.4 0.3 1.8 3.0 -1.263 0.399 0.064 0.063 0.027 119.8 2.08 0.015 0.136 0.018
NGC_4590_M_68 189.866 -26.744 10.3 -93.0 0.2 3.8 12.0 -2.752 1.762 0.054 0.053 -0.027 1479.1 6.73 0.083 0.215 0.047
NGC_4833 194.891 -70.876 6.6 202.0 0.4 4.6 12.0 -8.361 -0.949 0.055 0.054 0.006 1861.3 7.08 0.177 0.2 0.037
NGC_5024_M_53 198.23 18.1681 17.9 -62.9 0.3 5.6 15.0 -0.148 -1.355 0.053 0.052 -0.025 1924.6 7.69 0.087 0.244 0.084
NGC_5053 199.112 17.7002 17.4 42.8 0.2 1.6 10.0 -0.366 -1.248 0.058 0.056 -0.021 657.8 4.04 0.0 0.259 0.05
NGC_5139_oCen 201.696 -47.479 5.2 234.3 0.2 17.6 40.0 -3.234 -6.719 0.039 0.039 -0.002 23635.0 25.21 0.475 0.513 0.011
NGC_5272_M_3 205.548 28.3772 10.2 -147.3 0.3 8.2 30.0 -0.142 -2.647 0.045 0.043 -0.006 3924.0 9.53 0.138 0.231 0.045
NGC_5286 206.611 -51.374 11.7 62.4 0.4 9.4 8.0 0.207 -0.111 0.059 0.059 -0.002 431.7 4.07 0.173 0.17 0.004
NGC_5466 211.363 28.5344 16.0 106.9 0.2 1.6 12.0 -5.412 -0.8 0.053 0.053 0.01 988.9 4.85 0.026 0.157 0.027
NGC_5634 217.405 -5.9764 25.2 -16.1 0.6 5.3 6.0 -1.724 -1.507 0.064 0.064 -0.002 188.1 2.33 0.049 0.181 0.026
NGC_5694 219.901 -26.538 35.0 -139.6 0.5 8.9 5.0 -0.486 -1.071 0.069 0.068 -0.06 100.4 2.09 0.0 0.293 0.069
IC_4499 225.076 -82.213 18.8 38.4 0.3 2.8 6.0 0.491 -0.485 0.059 0.059 0.006 387.2 3.37 0.036 0.162 0.026
NGC_5824 225.994 -33.068 32.1 -25.2 0.5 11.6 8.0 -1.17 -2.226 0.06 0.058 0.012 373.0 5.0 0.059 0.227 0.039
Pal_5 229.021 -0.1116 23.2 -58.6 0.2 0.7 8.0 -2.736 -2.646 0.064 0.064 -0.048 203.0 3.3 0.0 0.407 0.007
NGC_5897 229.352 -21.01 12.5 101.3 0.2 3.7 10.0 -5.427 -3.438 0.057 0.056 -0.014 1002.7 4.84 0.054 0.168 0.029
NGC_5904_M_5 229.638 2.08103 7.5 53.7 0.2 7.8 20.0 4.078 -9.854 0.047 0.047 -0.008 4502.0 10.0 0.189 0.303 0.011
NGC_5927 232.002 -50.673 7.7 -104.1 0.3 6.4 10.0 -5.049 -3.231 0.055 0.055 -0.003 1829.4 11.03 0.198 0.233 0.011
NGC_5946 233.868 -50.659 10.6 137.4 1.4 6.4 5.0 -5.331 -1.614 0.065 0.064 -0.008 217.2 2.91 0.122 0.119 0.003
BH_176 234.781 -50.052 18.9 -6.0 14.0 0.1 3.0 -4.002 -3.064 0.071 0.067 0.019 115.4 2.32 0.0 0.274 0.021
NGC_5986 236.512 -37.786 10.4 101.2 0.4 8.3 8.0 -4.186 -4.604 0.06 0.059 -0.011 812.1 5.59 0.142 0.194 0.008
FSR_1716 242.625 -53.747 9.5 -33.1 1.0 2.6 4.0 -4.527 -8.639 0.066 0.064 -0.028 67.5 2.34 0.0 0.265 0.049
Pal_14 242.752 14.9577 76.5 72.3 0.1 0.7 5.0 -0.504 -0.461 0.081 0.078 0.167 61.2 1.81 0.0 0.406 0.102
Lynga_7_BH184 242.765 -55.317 8.0 17.9 0.8 4.0 4.0 -3.844 -7.039 0.064 0.063 -0.007 154.8 2.17 0.13 0.158 0.02
NGC_6093_M_80 244.26 -22.976 10.0 10.9 0.4 10.9 8.0 -2.931 -5.578 0.061 0.06 0.001 474.4 4.32 0.157 0.212 0.032
NGC_6121_M_4 245.896 -26.525 2.2 71.0 0.1 4.7 30.0 -12.49 -19.001 0.044 0.044 -0.001 7526.3 8.63 0.563 0.468 0.018
NGC_6101 246.45 -72.202 15.4 366.3 0.3 2.7 10.0 1.757 -0.223 0.053 0.054 0.005 1260.8 6.1 0.052 0.154 0.025
NGC_6144 246.807 -26.023 8.9 195.7 0.7 2.7 6.0 -1.772 -2.626 0.061 0.06 0.002 122.4 1.96 0.0 0.133 0.018
NGC_6139 246.918 -38.848 10.1 24.4 0.9 11.5 8.0 -6.184 -2.648 0.062 0.061 0.006 426.8 3.57 0.193 0.207 0.013
Terzan_3 247.167 -35.353 8.2 -135.8 0.6 2.3 5.0 -5.602 -1.69 0.063 0.062 0.006 365.8 2.87 0.064 0.223 0.046
NGC_6171_M107 248.132 -13.053 6.4 -34.7 0.2 4.3 10.0 -1.924 -5.968 0.057 0.056 0.0 1304.8 4.77 0.143 0.268 0.051
1636-283_ESO452 249.856 -28.398 8.3 16.3 0.5 1.5 2.0 -1.54 -6.418 0.07 0.068 -0.016 28.0 0.9 0.0 0.125 0.019
NGC_6205_M_13 250.421 36.4598 7.1 -244.5 0.4 9.2 20.0 -3.164 -2.588 0.047 0.047 0.011 3982.6 10.31 0.19 0.277 0.03
NGC_6229 251.744 47.5277 30.5 -138.6 0.8 7.1 6.0 -1.192 -0.44 0.062 0.064 0.009 123.6 2.18 0.0 0.16 0.021
NGC_6218_M_12 251.809 -1.9485 4.8 -41.4 0.2 5.0 15.0 -0.141 -6.802 0.052 0.051 0.019 3356.7 6.77 0.184 0.297 0.101
FSR_1735 253.044 -47.058 10.8 5.0 10.0 2.7 2.0 -5.015 -0.141 0.112 0.103 -0.134 16.2 0.84 0.0 -0.063 0.011
NGC_6235 253.355 -22.177 11.5 126.7 0.3 4.1 4.0 -3.973 -7.624 0.064 0.063 0.009 168.9 2.09 0.079 0.126 0.0
NGC_6254_M_10 254.287 -4.1003 4.4 74.0 0.3 6.2 20.0 -4.759 -6.554 0.049 0.048 0.012 5285.6 8.16 0.225 0.323 0.019
NGC_6256 254.885 -37.121 10.3 -101.4 1.2 5.6 4.0 -3.664 -1.493 0.068 0.066 0.005 126.0 1.86 0.144 0.25 0.008
Pal_15 254.962 -0.5388 45.1 72.3 1.7 1.2 4.0 -0.58 -0.861 0.076 0.07 0.027 60.1 1.8 0.0 0.414 0.052
NGC_6266_M_62 255.303 -30.113 6.8 -73.5 0.7 15.3 12.0 -5.041 -2.952 0.057 0.057 0.004 1169.4 6.91 0.359 0.314 0.027
NGC_6273_M_19 255.657 -26.267 8.8 145.5 0.6 11.8 10.0 -3.232 1.669 0.057 0.056 0.01 1059.3 6.24 0.24 0.258 0.023
NGC_6284 256.118 -24.764 15.3 28.3 0.9 7.3 4.0 -3.196 -2.008 0.065 0.064 0.009 141.9 2.46 0.102 0.137 0.015
NGC_6287 256.288 -22.708 9.4 -294.7 1.6 6.3 6.0 -4.977 -1.882 0.063 0.062 0.003 338.6 2.83 0.167 0.193 0.021
NGC_6293 257.542 -26.582 9.5 -143.7 0.4 6.8 5.0 0.89 -4.338 0.064 0.063 0.007 182.7 2.39 0.145 0.16 0.023
NGC_6304 258.634 -29.462 5.9 -108.6 0.4 5.0 5.0 -4.051 -1.073 0.063 0.063 0.004 159.3 2.76 0.195 0.176 0.001
NGC_6316 259.155 -28.14 10.4 99.8 0.8 9.0 5.0 -4.945 -4.608 0.066 0.065 0.012 114.2 2.5 0.181 0.205 0.019
NGC_6341_M_92 259.28 43.1359 8.3 -120.5 0.3 8.7 15.0 -4.925 -0.536 0.052 0.052 0.01 1847.5 7.43 0.167 0.226 0.014
NGC_6325 259.496 -23.766 7.8 29.5 0.6 6.4 3.0 -8.426 -9.011 0.068 0.067 0.008 147.1 1.74 0.179 0.22 0.025
NGC_6333_M_9 259.796 -18.515 7.9 310.8 2.1 8.1 8.0 -2.228 -3.214 0.059 0.058 0.009 526.9 4.65 0.161 0.176 0.005
NGC_6342 260.292 -19.587 8.5 116.6 0.7 5.6 5.0 -2.932 -7.101 0.064 0.064 0.004 195.0 2.22 0.125 0.118 0.006
NGC_6356 260.895 -17.813 15.1 38.9 1.9 7.6 8.0 -3.814 -3.381 0.06 0.059 0.01 547.0 4.65 0.113 0.18 0.013
NGC_6355 260.994 -26.353 9.2 -194.1 0.8 6.6 4.0 -4.657 -0.522 0.066 0.065 0.014 93.2 1.63 0.139 0.187 0.03
NGC_6352 261.371 -48.422 5.6 -125.6 1.0 3.5 10.0 -2.172 -4.398 0.056 0.056 0.003 2064.3 5.36 0.138 0.224 0.017
IC_1257 261.785 -7.093 25.0 -138.0 2.0 1.9 2.0 -0.928 -1.407 0.087 0.081 0.037 16.2 0.81 0.0 nan nan
Terzan_2_HP_3 261.887 -30.802 7.5 129.0 1.2 3.9 2.0 -2.237 -6.21 0.081 0.075 0.086 25.3 0.81 0.0 0.206 0.02
NGC_6366 261.934 -5.0798 3.5 -120.7 0.2 2.9 12.0 -0.363 -5.115 0.053 0.053 0.015 2226.3 6.17 0.173 0.303 0.046
Terzan_4_HP_4 262.662 -31.595 7.2 -39.9 3.8 4.4 3.0 -5.386 -3.361 0.088 0.08 0.02 26.2 0.61 0.096 0.155 0.155
HP_1_BH_229 262.771 -29.981 8.2 40.6 1.3 5.3 3.0 2.462 -10.142 0.073 0.071 -0.001 35.3 1.35 0.151 0.218 0.073
NGC_6362 262.979 -67.048 7.6 -14.6 0.2 3.7 12.0 -5.51 -4.75 0.051 0.052 -0.0 2877.0 6.49 0.109 0.188 0.019
NGC_6380_Ton1 263.616 -39.069 10.9 -6.5 1.5 8.3 4.0 -2.142 -3.107 0.067 0.066 -0.006 181.4 2.1 0.166 0.273 0.022
Terzan_1_HP_2 263.949 -30.481 6.7 57.5 1.6 7.8 3.0 -2.967 -4.811 0.083 0.08 0.026 65.6 1.15 0.282 0.394 0.099
Ton2_Pismis26 264.043 -38.553 8.2 -184.7 1.1 2.8 3.0 -5.912 -0.548 0.067 0.066 0.013 116.0 1.85 0.077 0.277 0.025
NGC_6388 264.071 -44.735 9.9 82.8 0.5 17.8 10.0 -1.331 -2.672 0.057 0.057 0.004 791.0 5.6 0.196 0.215 0.021
NGC_6402_M_14 264.4 -3.2459 9.3 -60.7 0.5 10.9 8.0 -3.64 -5.035 0.058 0.058 0.008 718.0 4.81 0.205 0.209 0.005
NGC_6401 264.652 -23.909 10.6 -99.3 3.2 8.6 3.0 -2.849 1.476 0.07 0.069 -0.001 60.2 1.96 0.198 0.223 0.037
NGC_6397 265.175 -53.674 2.3 18.4 0.1 5.4 25.0 3.285 -17.621 0.043 0.043 0.001 11406.1 11.14 0.378 0.381 0.012
Pal_6 265.925 -26.222 5.8 176.3 1.5 6.4 3.0 -9.256 -5.33 0.078 0.076 0.038 47.5 1.27 0.247 0.352 0.117
NGC_6426 266.227 3.17014 20.6 -210.5 0.5 2.2 4.0 -1.862 -2.994 0.064 0.064 0.019 144.1 2.15 0.012 0.131 0.024
Djorg_1 266.867 -33.065 13.7 -359.8 2.0 3.3 2.0 -5.16 -8.324 0.08 0.075 -0.006 28.8 0.9 0.027 0.067 0.005
Terzan_5_11 267.02 -24.779 6.9 -81.4 1.4 14.3 4.0 -1.56 -4.724 0.106 0.102 0.072 59.0 2.03 0.399 0.473 0.085
NGC_6440 267.219 -20.36 8.5 -69.4 0.9 14.5 5.0 -1.07 -3.828 0.069 0.068 0.025 154.5 2.85 0.25 0.255 0.03
NGC_6441 267.554 -37.051 11.6 17.3 0.9 18.9 10.0 -2.568 -5.322 0.059 0.059 0.001 247.1 6.15 0.196 0.164 0.021
Terzan_6_HP_5 267.693 -31.275 6.8 137.2 1.7 7.9 2.0 -5.634 -7.042 0.186 0.156 0.155 24.3 1.13 0.0 0.271 0.276
NGC_6453 267.715 -34.599 11.6 -91.2 3.1 6.9 3.0 0.165 -5.895 0.071 0.07 0.006 30.6 1.76 0.141 0.045 0.003
NGC_6496 269.765 -44.265 11.3 -134.7 0.3 2.3 5.0 -3.037 -9.239 0.061 0.061 0.004 350.7 2.79 0.05 0.122 0.013
Terzan_9 270.411 -26.839 7.1 29.3 3.0 1.2 3.0 -2.197 -7.451 0.073 0.07 0.041 50.5 0.86 0.0 0.337 0.113
Djorg_2_ESO456- 270.454 -27.825 6.3 -148.1 1.4 4.4 2.0 0.515 -3.052 0.079 0.074 -0.036 9.6 0.88 0.0 0.159 0.149
NGC_6517 270.46 -8.9587 10.6 -37.1 1.7 12.6 4.0 -1.498 -4.221 0.066 0.066 0.016 237.2 2.49 0.18 0.301 0.002
Terzan_10 270.741 -26.066 5.8 -64.1 3.1 3.4 3.0 -6.912 -2.409 0.085 0.08 0.074 27.4 1.55 0.0 0.31 0.081
NGC_6522 270.891 -30.033 7.7 -13.9 0.7 7.9 4.0 2.618 -6.431 0.072 0.071 0.003 38.9 1.93 0.189 0.167 0.036
NGC_6535 270.96 -0.2976 6.8 -214.8 0.5 1.7 4.0 -4.249 -2.9 0.064 0.064 0.007 318.7 2.23 0.055 0.231 0.013
NGC_6528 271.206 -30.056 7.9 210.3 0.8 6.3 3.0 -2.327 -5.527 0.074 0.071 0.018 17.4 0.91 0.0 6.615 6.586
NGC_6539 271.207 -7.5858 7.8 35.7 0.6 6.0 6.0 -6.865 -3.477 0.061 0.061 0.009 563.1 3.21 0.192 0.271 0.001
NGC_6540_Djorg 271.535 -27.765 5.3 -18.0 0.8 3.5 2.0 -3.76 -2.799 0.077 0.076 0.029 15.7 0.76 0.123 0.081 0.071
NGC_6544 271.835 -24.997 3.0 -38.1 0.8 6.6 10.0 -2.349 -18.557 0.06 0.06 0.001 551.0 5.16 0.482 0.419 0.005
NGC_6541 272.009 -43.714 7.5 -164.0 0.5 8.7 12.0 0.349 -8.843 0.056 0.055 -0.007 1375.4 6.33 0.162 0.224 0.042
ESO-SC06_ESO280 272.275 -46.423 21.4 93.2 0.3 1.3 2.0 -0.552 -2.724 0.082 0.075 0.085 33.9 1.1 0.0 0.071 0.001
NGC_6553 272.323 -25.908 6.0 0.7 0.4 8.3 6.0 0.246 -0.409 0.063 0.063 0.003 325.1 3.52 0.325 0.248 0.01
NGC_6558 272.573 -31.763 7.4 -195.7 0.7 3.5 3.0 -1.81 -4.133 0.067 0.066 0.003 42.3 1.05 0.082 0.1 0.02
IC_1276_Pal_7 272.684 -7.2076 5.4 155.1 0.7 3.6 8.0 -2.577 -4.374 0.059 0.059 0.009 938.0 4.17 0.183 0.27 0.027
Terzan_12 273.065 -22.741 4.8 94.8 1.0 1.1 3.0 -6.151 -2.679 0.069 0.068 0.049 104.3 1.47 0.04 0.371 0.077
NGC_6569 273.411 -31.826 10.9 -49.8 0.5 7.1 5.0 -4.109 -7.267 0.062 0.062 0.005 169.0 2.66 0.133 0.157 0.006
BH_261_AL_3 273.527 -28.635 6.5 -29.4 0.6 4.1 2.0 3.59 -3.573 0.077 0.076 0.037 13.7 0.53 0.11 0.799 0.634
NGC_6584 274.656 -52.215 13.5 260.6 1.6 5.0 6.0 -0.053 -7.185 0.061 0.061 -0.0 392.6 3.57 0.074 0.14 0.002
NGC_6624 275.918 -30.361 7.9 54.3 0.5 6.9 5.0 0.099 -6.904 0.065 0.064 0.002 162.1 1.98 0.156 0.175 0.012
NGC_6626_M_28 276.136 -24.869 5.5 11.1 0.6 11.1 8.0 -0.301 -8.913 0.061 0.061 -0.003 383.0 3.72 0.307 0.281 0.011
NGC_6638 277.733 -25.497 9.4 8.6 2.0 7.7 3.0 -2.55 -4.075 0.066 0.065 0.013 103.0 1.88 0.122 0.111 0.016
NGC_6637_M_69 277.846 -32.348 8.8 46.6 1.4 6.4 5.0 -5.113 -5.813 0.063 0.063 0.011 283.8 2.52 0.129 0.181 0.053
NGC_6642 277.975 -23.475 8.1 -33.2 1.1 4.4 3.0 -0.189 -3.898 0.065 0.065 0.004 93.6 1.8 0.094 0.144 0.024
NGC_6652 278.94 -32.99 10.0 -99.0 0.5 6.0 4.0 -5.506 -4.204 0.064 0.063 0.001 225.2 2.42 0.077 0.151 0.035
NGC_6656_M_22 279.099 -23.904 3.2 -147.8 0.3 8.6 20.0 9.833 -5.557 0.047 0.047 0.008 4178.1 11.84 0.479 0.447 0.016
Pal_8 280.374 -19.825 12.8 -41.1 1.8 2.7 4.0 -2.031 -5.634 0.063 0.063 0.015 174.9 2.41 0.0 0.128 0.001
NGC_6681_M_70 280.803 -32.292 9.0 216.6 0.8 7.0 8.0 1.458 -4.688 0.06 0.06 0.009 686.2 3.96 0.107 0.185 0.008
NGC_6712 283.267 -8.7061 6.9 -107.5 0.3 4.8 5.0 3.341 -4.384 0.062 0.061 0.006 309.7 2.84 0.133 0.15 0.011
NGC_6715_M_54 283.763 -30.479 26.5 143.1 0.6 16.9 6.0 -2.711 -1.355 0.058 0.058 0.009 854.1 7.86 0.1 0.203 0.017
NGC_6717_Pal9 283.775 -22.701 7.1 32.5 1.4 2.3 3.0 -3.106 -4.951 0.065 0.064 0.022 97.4 2.02 0.061 0.12 0.011
NGC_6723 284.888 -36.632 8.7 -94.2 0.3 5.5 10.0 1.033 -2.445 0.057 0.057 0.004 1824.0 5.21 0.15 0.228 0.011
NGC_6749 286.313 1.90083 7.9 -58.4 1.0 3.4 6.0 -2.865 -5.987 0.061 0.061 0.011 395.0 4.33 0.127 0.241 0.01
NGC_6752 287.717 -59.984 4.0 -26.3 0.2 8.3 25.0 -3.17 -4.043 0.042 0.042 0.004 10850.7 12.3 0.27 0.301 0.013
NGC_6760 287.8 1.03047 7.4 -0.4 1.6 7.3 8.0 -1.129 -3.561 0.06 0.059 0.009 572.8 4.23 0.157 0.18 0.005
NGC_6779_M_56 289.148 30.1834 9.4 -137.0 0.5 5.0 8.0 -2.02 1.644 0.059 0.059 0.004 811.8 4.5 0.114 0.167 0.036
Terzan_7 289.433 -34.657 22.8 159.4 0.1 1.3 3.0 -2.999 -1.586 0.068 0.067 0.032 93.6 1.5 0.0 0.158 0.014
Pal_10 289.508 18.5716 5.9 -31.7 0.2 3.7 4.0 -4.25 -6.924 0.064 0.064 0.005 246.5 2.23 0.105 0.268 0.0
Arp_2 292.183 -30.355 28.6 123.0 0.3 1.3 3.0 -2.381 -1.51 0.067 0.066 0.013 137.9 1.9 0.0 0.233 0.042
NGC_6809_M_55 294.998 -30.964 5.4 174.4 0.2 4.9 15.0 -3.42 -9.269 0.05 0.05 0.01 4224.4 8.83 0.185 0.282 0.007
Terzan_8 295.435 -33.999 26.3 148.5 0.2 1.7 5.0 -2.472 -1.556 0.062 0.06 -0.006 251.9 2.67 0.006 0.21 0.035
Pal_11 296.31 -8.0072 13.4 -67.6 0.8 2.4 4.0 -1.821 -4.934 0.066 0.064 0.027 174.6 1.83 0.0 0.204 0.007
NGC_6838_M_71 298.443 18.7791 4.0 -22.3 0.2 2.9 10.0 -3.415 -2.614 0.054 0.054 0.005 2676.4 5.1 0.146 0.194 0.001
NGC_6864_M_75 301.519 -21.921 20.9 -189.1 1.1 11.3 6.0 -0.559 -2.798 0.062 0.061 0.009 224.1 2.79 0.07 0.14 0.023
NGC_6934 308.547 7.40447 15.6 -406.2 0.7 5.5 6.0 -2.636 -4.667 0.06 0.06 0.009 336.5 4.04 0.069 0.112 0.011
NGC_6981_M_72 313.365 -12.537 17.0 -331.4 1.5 3.2 6.0 -1.233 -3.29 0.062 0.061 0.016 350.2 3.0 0.047 0.153 0.01
NGC_7006 315.372 16.1873 41.2 -383.5 0.7 3.6 5.0 -0.102 -0.569 0.067 0.068 -0.013 137.2 1.96 0.0 0.172 0.026
NGC_7078_M_15 322.493 12.167 10.4 -106.8 0.2 13.6 15.0 -0.643 -3.763 0.051 0.051 0.001 2198.4 9.92 0.15 0.227 0.032
NGC_7089_M_2 323.362 -0.8232 11.5 -3.7 0.3 10.7 15.0 3.518 -2.145 0.054 0.054 0.013 1369.4 6.15 0.144 0.208 0.01
NGC_7099_M_30 325.092 -23.179 8.1 -185.2 0.2 5.6 12.0 -0.694 -7.271 0.055 0.054 0.031 1414.1 5.76 0.121 0.237 0.013
Pal_12 326.661 -21.252 19.0 27.9 0.3 0.7 4.0 -3.249 -3.303 0.067 0.067 0.034 99.7 1.48 0.0 0.302 0.016
Pal_13 346.685 12.772 26.0 25.9 0.3 0.5 3.0 1.615 0.142 0.101 0.089 0.016 34.1 0.76 0.0 0.379 0.007
NGC_7492 347.11 -15.611 26.3 -176.7 0.3 1.6 5.0 0.799 -2.273 0.065 0.064 0.009 125.9 1.51 0.0 0.188 0.018
