# Name         	     pericenter[kpc]   	     apocenter[kpc]    	       Jr[kpc*km/s]    	       Jz[kpc*km/s]    	      Jphi[kpc*km/s]   	    Energy[km^2/s^2]   
NGC_104_47Tuc  	   5.60	   5.78	   6.00	   7.48	   7.59	   7.67	     12	     16	     20	    200	    214	    230	   1225	   1261	   1303	-166466	-165582	-164665
NGC_288        	   1.44	   1.95	   2.54	  11.99	  12.33	  12.64	    482	    532	    578	    493	    526	    566	   -533	   -430	   -314	-158206	-156147	-154259
NGC_362        	   0.17	   0.27	   0.40	  11.50	  11.90	  12.30	    759	    791	    821	    293	    324	    361	    -68	    -39	     -5	-162255	-160113	-158358
Whiting_1      	  17.12	  19.35	  21.82	  50.61	  54.34	  60.91	   1208	   1285	   1377	   3493	   4226	   4791	   1883	   2261	   2736	 -86380	 -82864	 -77992
NGC_1261       	   0.65	   1.02	   1.42	  19.91	  20.83	  21.55	   1402	   1447	   1490	    355	    378	    396	   -433	   -308	   -173	-135561	-133383	-131582
Pal_1          	  13.41	  14.07	  14.77	  17.80	  18.47	  19.15	     37	     44	     58	    109	    121	    132	   3336	   3459	   3591	-123292	-121488	-119815
AM_1           	  36.57	  85.93	 121.50	 130.68	 148.85	 471.91	   1321	   3343	  10305	   5347	   9780	  15958	 -19514	 -11016	  -3031	 -51621	 -40582	 -18102
Eridanus       	   8.83	  17.65	  30.08	 129.37	 137.51	 150.78	   5174	   6485	   8064	   1693	   3865	   6510	  -5776	  -3018	    222	 -55682	 -52996	 -48843
Pal_2          	   0.46	   0.80	   1.59	  38.53	  40.21	  41.55	   2993	   3166	   3363	     20	     49	    164	   -581	     -3	    520	-105109	-103188	-101547
NGC_1851       	   0.26	   0.42	   0.60	  19.89	  20.44	  21.08	   1505	   1582	   1655	    201	    231	    284	   -165	   -104	    -20	-136161	-134778	-133372
NGC_1904_M_79  	   0.23	   0.38	   0.67	  18.78	  19.32	  19.97	   1456	   1534	   1606	    120	    144	    184	    -15	    101	    229	-138980	-137698	-136004
NGC_2298       	   1.33	   1.72	   2.30	  17.34	  17.92	  18.63	    947	   1008	   1066	    268	    329	    403	   -783	   -596	   -476	-142167	-140132	-137770
NGC_2419       	   8.93	  15.08	  23.96	  87.51	  91.83	  94.24	   2900	   4098	   5062	   1137	   2403	   4459	   1056	   3477	   5283	 -68277	 -66483	 -64076
Pyxis          	  20.92	  23.41	  25.73	 106.21	 123.91	 140.19	   4050	   4856	   5533	   6818	   7562	   8370	  -1849	  -1324	   -765	 -60196	 -55380	 -51479
NGC_2808       	   0.88	   0.97	   1.05	  13.78	  14.19	  14.68	    959	   1011	   1087	     35	     36	     37	    344	    409	    467	-154481	-153111	-151440
E_3            	   8.94	   9.19	   9.39	  12.96	  14.39	  15.66	     57	     89	    123	    285	    325	    351	   2100	   2209	   2303	-140682	-136829	-133908
Pal_3          	  42.17	  70.44	  90.20	 106.03	 121.69	 265.39	    843	   1525	   4608	   6532	  10915	  14953	   -389	   5818	  12946	 -56156	 -47715	 -31378
NGC_3201       	   8.31	   8.43	   8.51	  26.23	  28.63	  31.31	    730	    863	   1004	    292	    313	    332	  -2870	  -2767	  -2669	-116813	-113258	-109793
Pal_4          	  10.43	  30.80	  91.49	 111.35	 116.47	 129.37	   1034	   3671	   6530	   3724	   7787	  13692	  -5744	  -2181	    772	 -59788	 -55831	 -44907
Crater         	  53.27	 135.45	 146.39	 143.30	 182.84	1016.39	    471	   3375	  26961	   6662	  14186	  22308	 -20394	  -2888	  15637	 -46720	 -30256	   -804
NGC_4147       	   0.49	   0.84	   1.30	  25.33	  26.19	  27.23	   1855	   1993	   2094	    495	    564	    666	   -205	   -102	      1	-124172	-122705	-120741
NGC_4372       	   2.93	   3.09	   3.28	   7.25	   7.34	   7.44	    126	    137	    148	     72	     82	     93	    886	    917	    955	-179250	-178171	-176822
Rup_106        	   4.55	   5.00	   5.53	  31.82	  34.36	  35.75	   1597	   1721	   1824	    534	    589	    677	   1489	   1624	   1788	-111844	-108456	-106531
NGC_4590_M_68  	   8.79	   9.06	   9.33	  27.04	  29.08	  30.76	    730	    819	    896	    747	    809	    890	   2336	   2388	   2446	-115142	-112087	-109646
NGC_4833       	   0.54	   0.74	   0.88	   7.88	   8.16	   8.59	    528	    547	    565	     29	     31	     32	    185	    259	    325	-183929	-181896	-178927
NGC_5024_M_53  	   8.26	   8.68	   9.08	  21.12	  21.94	  22.77	    402	    447	    502	   1981	   2090	   2212	    661	    725	    782	-124794	-123035	-121686
NGC_5053       	   9.68	  10.14	  10.53	  17.24	  17.96	  18.90	    133	    172	    219	   2115	   2215	   2351	    582	    655	    715	-129335	-127967	-126252
NGC_5139_oCen  	   1.37	   1.47	   1.56	   7.03	   7.23	   7.35	    248	    277	    309	     85	    103	    123	   -525	   -498	   -452	-185920	-185304	-184426
NGC_5272_M_3   	   4.96	   5.18	   5.32	  15.66	  16.18	  16.66	    397	    439	    479	    889	    913	    941	    877	    913	    951	-140948	-139647	-138773
NGC_5286       	   0.64	   0.88	   1.22	  12.87	  13.48	  14.19	    885	    912	    935	    123	    135	    149	   -490	   -331	   -248	-157177	-154721	-151925
NGC_5466       	   5.57	   6.51	   7.32	  42.02	  48.48	  54.73	   2281	   2506	   2824	   1689	   2025	   2296	   -986	   -861	   -729	 -99484	 -93127	 -87854
NGC_5634       	   2.08	   2.60	   3.76	  20.80	  21.79	  23.21	   1072	   1148	   1227	    810	    896	   1015	    282	    429	    638	-132407	-130195	-126336
NGC_5694       	   1.75	   2.37	   3.01	  54.23	  57.25	  60.49	   3864	   4126	   4377	    334	    459	    729	  -1118	   -843	   -537	 -89674	 -87361	 -85060
IC_4499        	   6.03	   6.77	   7.74	  25.68	  27.95	  29.77	    917	    973	   1039	   1498	   1601	   1714	  -1185	  -1030	   -847	-119626	-115646	-112344
NGC_5824       	  11.91	  14.74	  18.42	  31.49	  35.37	  40.99	    620	    668	    735	   1768	   2064	   2457	   2036	   2604	   3222	-106276	-100464	 -92732
Pal_5          	   9.27	  12.03	  14.79	  17.89	  19.04	  20.28	     60	    118	    214	   1641	   1919	   2155	   1074	   1312	   1608	-129340	-123731	-118034
NGC_5897       	   1.78	   2.37	   3.08	   8.50	   9.12	  10.05	    240	    249	    256	    549	    585	    637	    296	    393	    538	-172250	-168086	-162333
NGC_5904_M_5   	   2.21	   2.42	   2.69	  23.16	  25.89	  29.76	   1285	   1474	   1732	    847	    990	   1167	    324	    361	    392	-127583	-122446	-115947
NGC_5927       	   4.17	   4.31	   4.40	   5.25	   5.46	   5.64	      7	     11	     17	     20	     21	     23	   1036	   1057	   1080	-185721	-184505	-183315
NGC_5946       	   0.23	   0.46	   0.77	   5.74	   6.10	   6.44	    318	    331	    344	    119	    139	    169	     77	    146	    235	-198316	-193768	-189124
BH_176         	  11.27	  12.37	  13.33	  15.30	  19.46	  24.74	     51	    127	    287	     27	     29	     31	   2988	   3383	   3865	-130718	-122362	-113756
NGC_5986       	   0.22	   0.42	   0.68	   4.85	   5.12	   5.35	    236	    246	    254	    154	    162	    172	     56	    128	    183	-205500	-201796	-198517
FSR_1716       	   3.65	   4.08	   4.40	   6.93	   7.86	   9.11	     77	     98	    134	    103	    122	    138	    989	   1110	   1228	-177856	-171435	-164770
Pal_14         	   2.68	   5.61	  10.93	 102.85	 107.47	 114.37	   6097	   6897	   7947	    610	   1451	   2388	   -549	   1105	   2511	 -64210	 -62351	 -60328
Lynga_7_BH184  	   1.72	   1.87	   2.12	   4.53	   4.67	   4.85	     81	     90	     97	     44	     52	     60	    491	    522	    575	-205367	-203302	-200321
NGC_6093_M_80  	   0.30	   0.61	   0.87	   3.61	   3.84	   4.24	     73	     78	     84	    353	    375	    398	     15	     46	     93	-211180	-207973	-203656
NGC_6121_M_4   	   0.09	   0.16	   0.26	   6.22	   6.35	   6.52	    469	    493	    511	     12	     13	     14	    -47	     11	     74	-197489	-196475	-195194
NGC_6101       	  10.07	  10.72	  11.13	  36.75	  41.13	  44.82	   1162	   1377	   1563	    751	    807	    858	  -3375	  -3189	  -2958	-102179	 -97508	 -93856
NGC_6144       	   1.68	   1.95	   2.13	   3.68	   3.77	   3.91	     20	     24	     33	    341	    350	    355	   -285	   -242	   -199	-204724	-203462	-201273
NGC_6139       	   1.09	   1.31	   1.74	   3.51	   3.79	   4.26	     63	     69	     75	    184	    203	    232	    229	    274	    348	-212090	-208155	-201166
Terzan_3       	   2.08	   2.16	   2.24	   3.42	   3.55	   3.78	     12	     16	     25	    141	    158	    184	    417	    429	    448	-207820	-206728	-204437
NGC_6171_M107  	   0.75	   0.84	   0.94	   3.46	   3.57	   3.68	     66	     70	     74	    219	    237	    256	    129	    161	    192	-213324	-212481	-211242
1636-283_ESO452	   0.09	   0.15	   0.20	   2.32	   2.37	   2.45	     56	     61	     72	    174	    191	    214	    -20	    -15	     -6	-231998	-230658	-228850
NGC_6205_M_13  	   1.10	   1.21	   1.33	   8.48	   8.66	   8.82	    359	    376	    392	    405	    427	    457	   -263	   -240	   -212	-173561	-172877	-172121
NGC_6229       	   0.45	   1.04	   1.90	  29.68	  30.63	  32.04	   2066	   2202	   2324	    352	    604	    884	    -61	    112	    284	-116944	-115319	-113288
NGC_6218_M_12  	   2.15	   2.28	   2.45	   4.82	   4.90	   5.03	     51	     56	     61	    177	    188	    204	    500	    533	    573	-195715	-194687	-193392
FSR_1735       	   0.29	   0.57	   1.21	   4.99	   5.48	   6.01	    222	    246	    264	    288	    395	    530	    -38	    -12	     31	-198311	-192920	-187789
NGC_6235       	   2.37	   3.04	   3.52	   6.14	   7.76	   9.21	    105	    141	    178	    345	    358	    376	    470	    673	    811	-184442	-173786	-165995
NGC_6254_M_10  	   2.05	   2.16	   2.30	   5.00	   5.14	   5.28	     83	     89	     95	    131	    139	    146	    523	    557	    595	-195358	-194198	-192706
NGC_6256       	   0.19	   0.27	   0.35	   3.97	   4.38	   5.07	    174	    208	    260	     83	     94	    116	     65	     90	    109	-219302	-214968	-207692
Pal_15         	   0.87	   2.11	   3.72	  48.13	  50.93	  53.35	   3211	   3556	   3938	    354	    816	   1360	   -441	     54	    588	 -94726	 -92341	 -90283
NGC_6266_M_62  	   0.82	   0.88	   0.94	   1.84	   2.14	   2.69	     16	     23	     32	     59	     66	     77	    163	    201	    235	-240371	-235760	-232656
NGC_6273_M_19  	   0.54	   0.92	   1.18	   4.56	   4.86	   5.41	    155	    165	    176	    287	    294	    299	   -241	   -168	    -86	-201957	-198873	-193792
NGC_6284       	   0.27	   0.45	   0.79	   6.99	   7.61	   8.33	    393	    427	    449	    302	    356	    440	    -37	     32	    106	-184048	-179713	-175069
NGC_6287       	   0.35	   0.46	   0.56	   6.16	   6.69	   7.53	    317	    346	    392	    316	    335	    369	    -67	    -56	    -44	-189545	-185543	-180127
NGC_6293       	   0.26	   0.41	   0.54	   2.85	   3.33	   4.05	    108	    123	    144	    157	    161	    171	   -144	    -96	    -48	-223745	-217924	-210397
NGC_6304       	   1.67	   1.79	   1.93	   3.02	   3.28	   3.54	     25	     30	     34	     34	     38	     41	    394	    442	    487	-221313	-217019	-213512
NGC_6316       	   0.23	   0.48	   0.87	   2.88	   3.30	   3.98	    103	    117	    128	     72	     75	     81	     64	    123	    235	-234646	-226940	-215991
NGC_6341_M_92  	   0.21	   0.35	   0.44	  10.38	  10.64	  10.91	    659	    675	    694	    303	    351	    419	     -1	     56	     88	-166509	-164941	-163422
NGC_6325       	   0.19	   0.60	   0.93	   1.92	   2.17	   2.53	     10	     31	     80	    130	    157	    190	   -147	    -92	    -20	-235337	-232892	-227829
NGC_6333_M_9   	   0.85	   0.93	   1.04	   7.80	   7.98	   8.22	    381	    398	    416	    202	    220	    230	    274	    308	    345	-180088	-178894	-177696
NGC_6342       	   0.81	   1.09	   1.23	   1.96	   2.03	   2.17	      5	      7	     16	    167	    182	    188	    101	    124	    152	-233822	-231025	-227372
NGC_6356       	   2.41	   3.12	   3.87	   7.56	   8.22	   9.00	    144	    165	    187	    243	    268	    290	    649	    791	    968	-177307	-171763	-165876
NGC_6355       	   0.29	   0.47	   0.62	   2.72	   3.14	   3.63	     86	     93	    107	    157	    176	    197	   -140	   -103	    -61	-226333	-219928	-213101
NGC_6352       	   3.06	   3.16	   3.24	   3.90	   4.20	   4.52	      7	     12	     17	     25	     28	     31	    711	    754	    799	-202101	-199316	-196685
IC_1257        	   1.28	   1.72	   2.20	  17.30	  18.08	  19.26	    998	   1134	   1303	    126	    134	    147	   -861	   -697	   -550	-141903	-140082	-137007
Terzan_2_HP_3  	   0.16	   0.22	   0.39	   0.84	   1.22	   1.68	      9	     36	     81	     10	     13	     18	    -64	    -52	    -31	-270776	-265198	-256087
NGC_6366       	   2.02	   2.10	   2.28	   5.66	   6.02	   6.23	    126	    131	    137	     74	     80	     88	    603	    635	    692	-192415	-191207	-188896
Terzan_4_HP_4  	   0.29	   0.37	   0.47	   0.82	   1.17	   1.53	     12	     20	     32	     23	     25	     26	     47	     77	    110	-271565	-261846	-253669
HP_1_BH_229    	   0.38	   0.42	   0.53	   1.57	   1.70	   2.06	      7	     11	     20	    173	    197	    267	    -23	    -15	     -1	-243956	-240618	-232297
NGC_6362       	   2.57	   2.73	   2.90	   5.24	   5.33	   5.45	     46	     51	     57	    234	    259	    284	    554	    569	    584	-190190	-188915	-187145
NGC_6380_Ton1  	   0.37	   0.42	   0.44	   2.95	   3.34	   3.71	    159	    193	    227	     23	     24	     24	    -98	    -84	    -70	-232143	-226529	-221565
Terzan_1_HP_2  	   0.17	   0.28	   0.43	   1.28	   1.63	   2.04	     50	     63	     73	      1	      2	      2	     45	     76	    127	-265461	-256739	-247855
Ton2_Pismis26  	   0.71	   1.00	   1.29	   3.43	   3.66	   4.20	     65	    100	    148	    116	    122	    138	    207	    259	    302	-214396	-212703	-209260
NGC_6388       	   0.79	   0.89	   1.00	   3.02	   3.49	   3.67	     74	     78	     85	     70	     72	     73	   -282	   -254	   -223	-224658	-222016	-218904
NGC_6402_M_14  	   0.43	   0.58	   0.80	   4.00	   4.12	   4.37	    139	    144	    150	    161	    173	    186	    125	    159	    212	-212449	-209656	-205861
NGC_6401       	   1.99	   2.41	   2.95	   4.33	   5.01	   5.93	     52	     60	     69	    125	    147	    177	   -719	   -594	   -492	-201401	-193914	-185100
NGC_6397       	   2.63	   2.77	   2.97	   6.38	   6.50	   6.64	     98	    108	    116	    136	    154	    173	    693	    743	    795	-183776	-182589	-181492
Pal_6          	   0.26	   0.31	   0.39	   4.26	   4.57	   4.81	    227	    248	    265	    106	    112	    118	     10	     31	     67	-215941	-212283	-209622
NGC_6426       	   2.95	   3.89	   4.89	  16.09	  17.38	  18.67	    634	    680	    747	    192	    210	    235	   1045	   1341	   1640	-144005	-139060	-134915
Djorg_1        	   3.54	   4.11	   4.97	  71.48	 108.30	 229.99	   4965	   7524	  15227	     19	     20	     21	   1915	   2272	   2818	 -78055	 -62374	 -39459
Terzan_5_11    	   0.19	   0.31	   0.42	   1.25	   1.55	   1.87	     45	     53	     59	      7	      9	     10	     46	     81	    116	-264169	-257018	-250760
NGC_6440       	   0.13	   0.27	   0.39	   1.35	   1.38	   1.49	     35	     40	     53	     38	     40	     41	    -85	    -56	    -26	-257435	-256157	-253177
NGC_6441       	   0.73	   1.08	   1.36	   3.10	   3.68	   4.21	    118	    126	    135	     47	     48	     49	    156	    268	    365	-226758	-217796	-210721
Terzan_6_HP_5  	   0.27	   0.32	   0.36	   1.64	   2.00	   2.35	     51	     84	    115	      7	      8	     10	    -94	    -83	    -72	-255803	-249024	-242551
NGC_6453       	   0.63	   0.98	   1.47	   3.58	   4.25	   4.96	    105	    115	    127	    231	    284	    355	    100	    164	    228	-212367	-204045	-195585
NGC_6496       	   3.50	   3.99	   4.45	   9.33	  12.08	  14.54	    201	    309	    434	    196	    213	    228	    989	   1197	   1378	-165988	-154229	-146050
Terzan_9       	   0.06	   0.09	   0.12	   1.00	   1.28	   1.55	     39	     57	     74	     14	     16	     18	     12	     19	     30	-269508	-263305	-257612
Djorg_2_ESO456-	   0.74	   0.88	   1.09	   2.81	   3.14	   3.53	     87	     92	    100	      9	     10	     11	    221	    265	    337	-232505	-227273	-221002
NGC_6517       	   0.40	   0.47	   0.61	   4.18	   4.45	   4.77	    200	    218	    234	     69	     73	     76	    111	    136	    168	-216740	-212941	-209435
Terzan_10      	   0.78	   0.90	   1.06	   2.41	   2.64	   2.93	     44	     49	     54	     87	     91	     98	    175	    207	    259	-230409	-226620	-221976
NGC_6522       	   0.16	   0.42	   0.63	   1.25	   1.35	   1.52	     10	     13	     21	     99	    103	    108	     16	     53	     90	-254303	-251239	-245831
NGC_6535       	   1.13	   1.25	   1.38	   4.44	   4.56	   4.69	    125	    150	    177	     59	     64	     72	   -369	   -344	   -316	-208107	-207512	-206797
NGC_6528       	   0.16	   0.19	   0.25	   1.64	   1.76	   2.38	     47	     54	     84	     50	     63	     70	     37	     45	     66	-250647	-249101	-242176
NGC_6539       	   1.94	   2.03	   2.13	   3.34	   3.42	   3.52	     15	     17	     19	    206	    225	    251	    333	    338	    347	-208772	-207479	-205361
NGC_6540_Djorg 	   1.42	   1.66	   1.79	   2.69	   3.02	   3.27	     25	     29	     32	     17	     18	     20	    356	    421	    458	-227533	-221648	-218350
NGC_6544       	   0.07	   0.13	   0.23	   5.45	   5.62	   5.77	    325	    356	    373	     58	     63	     68	    -55	    -15	     48	-204181	-202909	-201791
NGC_6541       	   1.26	   1.34	   1.43	   4.23	   4.30	   4.44	     93	    101	    118	    136	    163	    188	    324	    330	    336	-204920	-204020	-202414
ESO-SC06_ESO280	   0.52	   1.37	   2.35	  13.10	  14.61	  15.64	    733	    798	    879	    353	    462	    598	     59	    349	    550	-155056	-149549	-145320
NGC_6553       	   1.87	   2.16	   2.42	   3.12	   3.33	   3.60	     17	     20	     25	      7	      8	     10	    478	    535	    603	-218871	-215210	-210751
NGC_6558       	   0.23	   0.32	   0.43	   1.80	   2.13	   2.51	     50	     68	     86	     60	     76	     97	     39	     77	    117	-244071	-239231	-234376
IC_1276_Pal_7  	   3.41	   3.49	   3.59	   5.96	   6.28	   6.65	     56	     65	     75	     20	     22	     24	    956	    994	   1043	-185894	-183626	-180964
Terzan_12      	   2.05	   2.19	   2.30	   4.11	   4.41	   4.71	     55	     61	     67	     38	     42	     45	    531	    584	    630	-207094	-203436	-200540
NGC_6569       	   1.75	   2.26	   2.94	   2.65	   3.21	   3.92	      9	     10	     12	     87	     90	     92	    351	    482	    646	-220480	-210691	-200081
BH_261_AL_3    	   1.19	   1.48	   1.71	   2.78	   3.00	   3.31	     27	     31	     40	     80	     85	     90	    273	    344	    412	-223336	-218679	-213965
NGC_6584       	   1.28	   1.95	   2.57	  17.67	  21.38	  24.70	   1083	   1271	   1461	    374	    397	    437	    412	    634	    829	-141114	-131541	-124688
NGC_6624       	   0.32	   0.46	   0.52	   1.41	   1.46	   1.56	      7	      9	     16	    140	    151	    156	     24	     31	     46	-247308	-246526	-244538
NGC_6626_M_28  	   0.40	   0.51	   0.62	   2.78	   2.97	   3.22	    106	    112	    120	     57	     65	     70	    109	    145	    185	-229349	-226676	-223670
NGC_6638       	   0.10	   0.14	   0.19	   1.85	   2.13	   2.50	     65	     89	    113	     91	     93	     95	     22	     27	     37	-243461	-239392	-234086
NGC_6637_M_69  	   0.41	   0.76	   1.11	   1.72	   1.79	   1.98	      2	      4	     17	    194	    216	    230	     15	     41	     84	-239627	-236662	-230000
NGC_6642       	   0.06	   0.12	   0.24	   2.08	   2.11	   2.17	     80	     92	    102	     57	     61	     64	    -20	     15	     58	-243515	-242793	-241775
NGC_6652       	   0.29	   0.41	   0.72	   3.26	   3.80	   4.40	     93	    105	    114	    259	    289	    328	     29	     62	    112	-217069	-210190	-203122
NGC_6656_M_22  	   2.91	   3.04	   3.18	  10.07	  10.35	  10.57	    304	    319	    332	    123	    135	    151	    934	    987	   1027	-164571	-163245	-162294
Pal_8          	   1.70	   2.15	   2.72	   4.98	   5.51	   6.00	     85	    102	    115	     77	     79	     83	    475	    603	    753	-201704	-194763	-188533
NGC_6681_M_70  	   0.22	   0.31	   0.49	   5.04	   5.43	   5.87	    206	    258	    305	    312	    329	    344	      6	     30	     62	-197232	-194576	-191945
NGC_6712       	   0.11	   0.31	   0.49	   5.31	   5.47	   5.63	    280	    295	    308	    110	    124	    144	     22	     60	    119	-204243	-203409	-202484
NGC_6715_M_54  	  13.96	  15.25	  16.49	  41.16	  49.00	  56.11	   1025	   1346	   1650	   3894	   4299	   4542	    700	   1036	   1333	 -95420	 -88508	 -83123
NGC_6717_Pal9  	   0.99	   1.04	   1.10	   2.40	   2.49	   2.65	     23	     28	     32	     91	    102	    111	    209	    226	    253	-228457	-227654	-225980
NGC_6723       	   1.37	   1.51	   1.80	   3.61	   3.70	   3.83	     26	     35	     42	    459	    502	    525	    -87	    -19	     46	-206530	-204835	-202688
NGC_6749       	   1.51	   1.64	   1.77	   4.95	   5.07	   5.21	    135	    144	    155	      4	      5	      5	    503	    538	    576	-204346	-202918	-201089
NGC_6752       	   3.44	   3.69	   3.87	   5.53	   5.61	   5.73	     22	     27	     33	    102	    112	    124	    833	    890	    935	-186052	-184592	-183090
NGC_6760       	   2.08	   2.17	   2.28	   5.45	   5.56	   5.63	    109	    120	    133	     11	     12	     13	    663	    686	    709	-196271	-195520	-194679
NGC_6779_M_56  	   0.33	   0.53	   0.75	  11.87	  12.21	  12.62	    815	    845	    877	    151	    178	    214	   -255	   -198	   -121	-161502	-159524	-157670
Terzan_7       	  11.91	  13.14	  14.32	  32.88	  39.55	  47.02	    748	   1019	   1336	   3694	   4061	   4379	    235	    403	    660	-105011	 -97498	 -90475
Pal_10         	   3.95	   4.09	   4.26	   6.96	   7.13	   7.27	     60	     69	     77	      6	      7	      8	   1155	   1189	   1222	-177826	-176529	-175286
Arp_2          	  16.75	  17.96	  19.55	  45.20	  52.57	  63.85	    988	   1253	   1770	   4261	   4565	   4971	   1145	   1458	   1884	 -90511	 -84731	 -77542
NGC_6809_M_55  	   1.08	   1.13	   1.20	   5.89	   6.04	   6.25	    208	    223	    236	    272	    297	    326	    207	    238	    270	-189889	-189063	-187929
Terzan_8       	  14.65	  15.90	  17.49	  39.78	  45.87	  56.28	    878	   1114	   1531	   4345	   4784	   5132	    403	    639	    938	 -96247	 -90393	 -82537
Pal_11         	   3.31	   4.10	   4.98	   7.77	   8.35	   8.86	     81	    107	    130	    186	    196	    207	    890	   1065	   1242	-173701	-168407	-163268
NGC_6838_M_71  	   4.90	   5.06	   5.25	   7.10	   7.20	   7.28	     27	     31	     34	     14	     15	     17	   1320	   1354	   1391	-172670	-171660	-170520
NGC_6864_M_75  	   0.46	   1.05	   1.72	  15.71	  17.00	  17.84	   1038	   1090	   1127	    318	    345	    408	    108	    340	    509	-146917	-142687	-140130
NGC_6934       	   1.90	   2.52	   3.59	  35.12	  40.84	  49.28	   2508	   2791	   3277	    149	    168	    196	    838	   1184	   1605	-109152	-102087	 -93511
NGC_6981_M_72  	   0.30	   0.49	   0.74	  21.28	  23.28	  24.87	   1593	   1870	   1972	    317	    326	    348	   -161	     18	    185	-132700	-128466	-125268
NGC_7006       	   1.89	   3.13	   4.30	  50.99	  53.81	  56.08	   3281	   3636	   4049	    217	    445	    826	  -1580	  -1089	   -573	 -92157	 -89973	 -88217
NGC_7078_M_15  	   3.44	   3.76	   4.04	  10.19	  10.62	  10.87	    241	    251	    264	    202	    225	    243	   1005	   1073	   1135	-162630	-160008	-158329
NGC_7089_M_2   	   0.48	   0.62	   1.05	  18.00	  18.89	  19.90	   1316	   1351	   1390	    310	    334	    379	   -299	   -192	   -103	-140922	-138347	-135788
NGC_7099_M_30  	   1.26	   1.36	   1.44	   8.06	   8.40	   8.79	    260	    280	    306	    492	    499	    506	   -278	   -260	   -236	-175755	-173901	-171979
Pal_12         	  14.78	  15.55	  16.54	  45.28	  55.48	  72.32	   1169	   1723	   2640	   3133	   3442	   3794	   1947	   2124	   2422	 -91386	 -83943	 -74269
Pal_13         	   7.75	   8.85	   9.76	  60.23	  65.90	  71.63	   3142	   3361	   3631	   1868	   2048	   2283	  -2180	  -1796	  -1354	 -83861	 -80033	 -76604
NGC_7492       	   2.92	   4.02	   5.56	  27.39	  28.41	  29.98	   1305	   1448	   1597	   1284	   1722	   2211	   -224	   -128	    -44	-119409	-117271	-113863
